0.667  2.520  0.776  -0.8476
0.654  2.599  0.716  0.4238
0.585  2.507  0.832  0.4238
0.788  1.798  0.733  -0.8476
0.784  1.792  0.634  0.4238
0.715  1.742  0.773  0.4238
0.402  0.404  2.966  -0.8476
0.343  0.484  2.955  0.4238
0.442  0.405  3.058  0.4238
0.197  1.239  2.046  -0.8476
0.208  1.316  1.984  0.4238
0.133  1.264  2.119  0.4238
2.359  0.329  0.184  -0.8476
2.325  0.410  0.136  0.4238
2.455  0.315  0.163  0.4238
0.519  2.921  0.378  -0.8476
0.572  2.990  0.329  0.4238
0.512  2.946  0.475  0.4238
0.734  0.084  1.868  -0.8476
0.696  0.051  1.781  0.4238
0.660  0.096  1.934  0.4238
0.696  0.697  0.498  -0.8476
0.628  0.680  0.569  0.4238
0.787  0.698  0.539  0.4238
2.734  1.553  2.575  -0.8476
2.677  1.621  2.530  0.4238
2.823  1.593  2.596  0.4238
2.611  0.805  0.518  -0.8476
2.631  0.791  0.421  0.4238
2.513  0.819  0.531  0.4238
2.530  1.180  1.312  -0.8476
2.602  1.115  1.337  0.4238
2.530  1.192  1.213  0.4238
0.285  2.600  0.872  -0.8476
0.375  2.633  0.897  0.4238
0.266  2.622  0.776  0.4238
1.688  1.005  0.392  -0.8476
1.682  1.013  0.292  0.4238
1.596  1.005  0.431  0.4238
1.455  0.134  2.919  -0.8476
1.462  0.224  2.961  0.4238
1.431  0.066  2.989  0.4238
0.096  1.581  1.208  -0.8476
0.063  1.570  1.114  0.4238
0.047  1.517  1.267  0.4238
2.245  1.791  0.345  -0.8476
2.224  1.701  0.384  0.4238
2.341  1.813  0.360  0.4238
0.649  2.068  1.494  -0.8476
0.555  2.097  1.474  0.4238
0.697  2.050  1.408  0.4238
0.783  1.048  2.749  -0.8476
0.837  1.028  2.831  0.4238
0.823  1.126  2.701  0.4238
1.756  0.409  0.569  -0.8476
1.720  0.349  0.640  0.4238
1.686  0.475  0.542  0.4238
2.172  2.299  2.246  -0.8476
2.078  2.274  2.224  0.4238
2.182  2.312  2.345  0.4238
1.199  1.138  0.508  -0.8476
1.121  1.183  0.464  0.4238
1.233  1.195  0.583  0.4238
3.072  1.161  3.074  -0.8476
3.037  1.227  3.139  0.4238
3.171  1.150  3.086  0.4238
2.360  0.370  1.288  -0.8476
2.364  0.470  1.293  0.4238
2.382  0.340  1.196  0.4238
0.884  2.052  2.468  -0.8476
0.911  2.145  2.495  0.4238
0.785  2.043  2.477  0.4238
1.064  0.152  1.568  -0.8476
1.034  0.087  1.638  0.4238
1.013  0.237  1.577  0.4238
0.392  2.605  1.173  -0.8476
0.458  2.615  1.247  0.4238
0.438  2.567  1.093  0.4238
0.002  0.946  2.841  -0.8476
0.041  1.018  2.898  0.4238
0.085  0.977  2.802  0.4238
0.866  1.167  1.136  -0.8476
0.959  1.189  1.166  0.4238
0.802  1.234  1.174  0.4238
1.082  1.658  0.989  -0.8476
1.060  1.605  0.907  0.4238
1.131  1.741  0.963  0.4238
2.189  0.290  0.720  -0.8476
2.225  0.302  0.813  0.4238
2.202  0.195  0.692  0.4238
0.439  1.146  2.006  -0.8476
0.346  1.175  2.032  0.4238
0.505  1.210  2.044  0.4238
1.807  0.160  0.457  -0.8476
1.788  0.256  0.480  0.4238
1.902  0.151  0.425  0.4238
2.829  1.710  0.631  -0.8476
2.841  1.806  0.605  0.4238
2.918  1.672  0.660  0.4238
1.261  0.850  2.105  -0.8476
1.341  0.907  2.084  0.4238
1.184  0.877  2.047  0.4238
1.342  0.126  1.560  -0.8476
1.355  0.096  1.655  0.4238
1.244  0.130  1.539  0.4238
1.082  0.607  1.040  -0.8476
1.071  0.515  1.079  0.4238
1.115  0.669  1.110  0.4238
2.016  3.011  0.862  -0.8476
1.973  3.024  0.772  0.4238
2.114  2.995  0.850  0.4238
2.381  0.605  0.115  -0.8476
2.435  0.583  0.196  0.4238
2.287  0.625  0.142  0.4238
0.522  0.210  0.025  -0.8476
0.526  0.116  0.059  0.4238
0.426  0.238  0.018  0.4238
0.946  1.476  1.772  -0.8476
0.924  1.490  1.869  0.4238
0.918  1.555  1.719  0.4238
0.822  1.500  0.148  -0.8476
0.806  1.576  0.211  0.4238
0.741  1.441  0.145  0.4238
2.551  0.042  0.892  -0.8476
2.548  0.099  0.974  0.4238
2.555  0.100  0.811  0.4238
3.003  0.761  0.775  -0.8476
2.952  0.815  0.709  0.4238
3.052  0.823  0.837  0.4238
3.023  1.680  2.570  -0.8476
3.015  1.692  2.471  0.4238
3.071  1.595  2.590  0.4238
2.117  2.463  1.389  -0.8476
2.132  2.529  1.315  0.4238
2.204  2.428  1.422  0.4238
1.250  2.011  1.311  -0.8476
1.157  1.985  1.335  0.4238
1.299  1.931  1.276  0.4238
0.858  1.652  0.401  -0.8476
0.943  1.675  0.448  0.4238
0.805  1.736  0.385  0.4238
1.743  0.513  0.273  -0.8476
1.757  0.594  0.330  0.4238
1.666  0.460  0.309  0.4238
0.491  0.347  1.280  -0.8476
0.584  0.321  1.304  0.4238
0.455  0.411  1.348  0.4238
1.012  1.985  2.831  -0.8476
1.034  1.963  2.736  0.4238
0.975  2.078  2.836  0.4238
0.521  2.390  0.980  -0.8476
0.430  2.348  0.982  0.4238
0.587  2.325  0.942  0.4238
1.515  2.281  0.392  -0.8476
1.442  2.348  0.378  0.4238
1.542  2.242  0.304  0.4238
1.146  2.661  0.425  -0.8476
1.234  2.615  0.428  0.4238
1.089  2.621  0.353  0.4238
0.984  1.257  0.331  -0.8476
0.904  1.297  0.376  0.4238
1.022  1.323  0.267  0.4238
2.742  0.670  1.632  -0.8476
2.806  0.661  1.556  0.4238
2.792  0.694  1.715  0.4238
0.944  1.238  2.636  -0.8476
0.921  1.325  2.679  0.4238
1.022  1.250  2.576  0.4238
1.560  0.143  1.152  -0.8476
1.620  0.081  1.102  0.4238
1.466  0.110  1.147  0.4238
0.510  2.737  0.923  -0.8476
0.557  2.748  0.835  0.4238
0.518  2.821  0.976  0.4238
1.354  1.348  1.026  -0.8476
1.451  1.330  1.045  0.4238
1.323  1.425  1.082  0.4238
0.179  0.974  0.485  -0.8476
0.199  0.941  0.577  0.4238
0.228  1.060  0.469  0.4238
1.657  0.380  1.139  -0.8476
1.625  0.286  1.156  0.4238
1.713  0.382  1.056  0.4238
0.717  1.276  1.692  -0.8476
0.680  1.351  1.747  0.4238
0.722  1.193  1.747  0.4238
1.537  0.455  0.083  -0.8476
1.600  0.532  0.092  0.4238
1.523  0.412  0.172  0.4238
1.325  0.019  0.302  -0.8476
1.420  0.010  0.300  0.4238
1.267  0.054  0.267  0.4238
1.037  2.662  3.035  -0.8476
0.990  2.630  2.953  0.4238
1.136  2.646  3.025  0.4238
0.785  2.459  2.919  -0.8476
0.694  2.432  2.887  0.4238
0.824  2.526  2.856  0.4238
1.837  1.247  1.000  -0.8476
1.923  1.297  1.011  0.4238
